44438-439384296_small copy_frame0_box0.jpg,0,94,0,842,534,0,0.94
44438-439384296_small copy_frame1_box0.jpg,23,109,1,838,534,0,0.95
44438-439384296_small copy_frame2_box0.jpg,46,67,1,785,534,0,0.95
44438-439384296_small copy_frame3_box0.jpg,69,54,1,780,534,0,0.95
44438-439384296_small copy_frame4_box0.jpg,92,63,1,788,534,0,0.95
44438-439384296_small copy_frame5_box0.jpg,115,0,0,723,534,0,0.95
44438-439384296_small copy_frame6_box0.jpg,138,1,5,683,533,0,0.95
44438-439384296_small copy_frame7_box0.jpg,161,99,1,783,534,0,0.93
44438-439384296_small copy_frame8_box0.jpg,184,111,1,796,534,0,0.94
44438-439384296_small copy_frame9_box0.jpg,207,117,0,813,534,0,0.95
44438-439384296_small copy_frame10_box0.jpg,230,111,1,808,534,0,0.95
44438-439384296_small copy_frame11_box0.jpg,253,119,0,823,534,0,0.95
44438-439384296_small copy_frame12_box0.jpg,276,129,0,828,534,0,0.95
