853757-hd_1920_1080_25fps_frame0_box0.jpg,0,78,248,1330,1014,15,0.91
853757-hd_1920_1080_25fps_frame1_box0.jpg,25,149,257,1326,1020,15,0.90
853757-hd_1920_1080_25fps_frame2_box0.jpg,50,174,266,1324,1025,15,0.91
853757-hd_1920_1080_25fps_frame3_box0.jpg,75,180,246,1309,1027,15,0.92
853757-hd_1920_1080_25fps_frame4_box0.jpg,100,102,252,1276,1035,15,0.89
853757-hd_1920_1080_25fps_frame4_box1.jpg,100,104,427,920,1037,15,0.27
853757-hd_1920_1080_25fps_frame5_box0.jpg,125,78,250,1259,1036,15,0.87
853757-hd_1920_1080_25fps_frame5_box1.jpg,125,70,428,912,1038,15,0.31
853757-hd_1920_1080_25fps_frame6_box0.jpg,150,121,254,1260,1039,15,0.86
853757-hd_1920_1080_25fps_frame6_box1.jpg,150,121,433,913,1040,15,0.42
853757-hd_1920_1080_25fps_frame7_box0.jpg,175,150,261,1256,1044,15,0.91
853757-hd_1920_1080_25fps_frame8_box0.jpg,200,34,251,1236,1051,15,0.92
853757-hd_1920_1080_25fps_frame9_box0.jpg,225,39,256,1236,1050,15,0.92
853757-hd_1920_1080_25fps_frame10_box0.jpg,250,195,260,1235,1044,15,0.93
853757-hd_1920_1080_25fps_frame11_box0.jpg,275,66,259,1236,1052,15,0.91
853757-hd_1920_1080_25fps_frame12_box0.jpg,300,185,248,1274,1047,15,0.93
853757-hd_1920_1080_25fps_frame13_box0.jpg,325,172,267,1325,1050,15,0.92
853757-hd_1920_1080_25fps_frame14_box0.jpg,350,173,271,1370,1058,15,0.91
